49
0	44	48	33	21	28	50	36	35	32	49	45	46	29	50	35	31	38	48	49	26	36	24	29	24	44	23	39	45	28	49	37	42	45	39	48	24	29	23	43	22	48	47	41	30	35	37	23	31	33	30	39	40	49	26	50	37	35	34	47	36	28	21	45	49	37	49	20	22	43	46	32	42	46	45	41	40	20	39	35	46	47	30	27	43	30	42	47	22	26	49	38	27	27	45	50	24	45	37	34	
22	0	22	30	48	36	49	35	23	29	37	29	42	23	37	30	46	49	37	26	50	45	39	37	38	29	34	22	39	45	32	30	38	27	29	25	26	46	25	21	39	41	28	35	22	22	41	44	24	48	24	49	21	46	22	48	42	49	46	37	41	32	46	42	36	28	36	45	27	47	26	48	41	38	46	50	33	38	28	34	35	41	40	42	49	45	31	22	30	39	23	35	38	40	30	47	26	27	20	43	
28	23	0	42	27	31	45	25	30	33	46	21	23	45	24	47	42	27	21	46	38	40	49	49	37	39	41	22	20	23	40	26	39	46	38	23	32	22	31	46	23	21	39	20	26	50	25	42	23	35	26	43	45	21	49	41	20	37	33	39	23	46	28	22	27	22	40	29	31	33	25	21	36	34	21	39	23	42	32	26	28	31	48	43	35	46	48	49	38	25	42	41	26	50	44	21	45	41	25	47	
25	30	36	0	28	23	39	49	34	41	25	20	35	41	33	48	38	47	36	49	29	40	31	32	46	41	28	24	37	42	20	34	43	22	30	43	21	37	28	24	27	44	50	35	31	39	29	41	31	38	50	48	40	47	39	24	42	29	32	43	33	46	40	22	20	39	26	42	30	25	27	27	40	34	32	42	48	41	38	47	33	21	32	47	42	38	33	44	41	42	21	25	34	22	28	42	25	34	36	48	
35	49	37	39	0	44	20	48	21	35	30	29	46	34	21	45	46	48	45	33	26	37	50	40	22	46	43	24	20	32	50	41	33	30	20	26	20	42	44	20	46	41	36	39	23	26	23	39	40	26	47	29	28	42	25	23	35	47	49	32	40	22	20	28	49	34	45	45	23	47	28	24	40	36	46	40	40	31	23	47	24	28	47	20	21	21	26	41	28	37	30	50	31	50	38	49	47	21	47	43	
50	42	39	40	35	0	42	40	48	34	40	33	31	47	37	25	26	32	38	29	20	24	24	28	30	30	45	31	42	22	30	44	39	21	21	28	25	24	38	29	31	32	37	24	29	23	35	43	27	49	21	29	25	47	36	43	22	29	32	46	30	29	33	23	23	37	49	35	35	30	46	45	45	30	23	35	23	42	35	33	21	29	30	43	41	48	24	49	25	40	38	32	45	40	22	22	45	22	26	43	
27	21	32	20	23	32	0	37	36	29	34	49	35	45	38	42	41	26	33	22	31	27	28	38	44	25	33	26	31	23	22	46	47	47	42	20	48	36	34	44	41	26	23	35	32	28	26	40	21	50	45	26	39	24	23	26	34	32	31	37	46	24	23	39	35	24	38	32	40	41	33	48	36	35	41	49	48	30	46	35	35	40	41	47	26	37	39	49	27	20	30	42	50	43	48	30	46	30	21	36	
24	47	28	39	45	24	46	0	32	38	29	42	42	45	35	22	45	22	36	47	49	21	22	27	24	21	29	20	44	47	34	30	47	25	45	24	47	40	34	50	31	36	32	48	36	36	21	38	22	41	45	45	36	44	39	22	43	33	48	44	26	29	37	48	39	33	46	35	47	45	32	39	38	27	47	47	45	20	41	48	20	43	25	29	36	38	28	30	22	35	47	28	50	46	29	44	33	32	45	32	
21	25	40	49	24	27	29	43	0	46	30	21	50	21	35	33	24	35	48	47	39	42	22	41	42	24	45	31	33	21	39	34	32	34	21	23	35	44	24	20	21	39	39	24	40	30	23	42	37	40	31	26	32	45	44	44	35	23	48	21	39	42	34	39	40	49	30	40	23	41	42	39	29	45	47	24	50	49	32	45	29	49	43	47	50	41	45	23	36	47	45	26	21	45	32	34	31	44	26	34	
31	45	40	22	50	21	48	49	21	0	35	28	48	20	50	36	41	38	38	48	26	27	22	44	46	48	48	40	44	36	42	36	33	36	29	50	23	24	33	48	38	33	49	22	49	23	33	22	23	33	44	24	43	50	20	45	34	33	41	33	20	35	49	47	50	30	43	28	22	31	22	23	31	42	20	31	31	25	20	46	27	46	31	22	39	48	24	26	20	26	41	41	43	50	48	23	43	20	29	31	
42	20	49	39	27	47	24	25	34	23	0	35	31	42	50	28	24	20	50	26	31	30	35	50	29	29	49	48	50	37	40	30	25	38	22	23	37	38	29	25	32	48	24	50	24	45	27	30	36	27	27	44	25	29	31	33	41	21	47	24	39	20	32	22	42	22	24	33	29	37	33	43	49	24	38	33	29	40	31	22	27	34	40	31	40	50	36	21	32	33	20	33	50	43	48	30	34	26	31	29	
50	35	22	50	25	45	23	28	23	37	39	0	42	24	45	42	34	49	32	25	44	33	33	25	27	50	34	30	49	36	24	31	34	40	40	22	35	44	26	29	20	46	42	34	39	34	20	26	29	23	44	40	29	37	39	24	33	42	44	35	22	41	35	44	50	27	37	44	32	28	40	20	23	28	48	41	21	20	28	32	36	48	38	42	32	34	23	43	28	31	29	47	44	41	49	26	39	22	21	22	
45	28	29	37	30	23	36	47	27	48	49	44	0	25	22	33	47	29	29	36	24	38	36	40	26	37	23	33	50	40	37	32	43	44	48	45	28	29	34	31	38	40	24	25	23	42	23	32	32	38	34	24	37	41	29	31	40	35	43	33	26	35	35	42	36	30	35	40	50	21	34	29	24	43	35	21	48	39	26	20	31	35	32	48	20	47	36	22	41	47	22	41	50	43	49	41	32	20	31	21	
23	39	20	28	47	40	42	29	43	48	27	24	44	0	38	29	26	23	33	34	42	30	32	25	30	33	40	48	41	33	24	34	49	42	24	36	30	24	26	49	25	34	31	45	32	33	45	35	32	43	27	45	26	34	50	26	38	42	21	48	32	21	27	40	22	47	25	31	21	43	40	41	25	27	39	29	39	22	42	47	36	44	29	44	48	48	31	33	34	21	40	42	36	41	50	40	50	37	49	43	
49	33	38	34	35	28	42	35	26	30	28	21	21	21	0	25	31	20	29	40	20	24	22	45	33	41	27	39	32	37	49	27	34	26	30	39	23	39	48	22	45	30	30	37	34	48	30	28	20	36	21	26	31	22	26	47	36	31	26	46	26	28	41	43	43	29	29	36	47	32	28	35	31	47	42	27	21	29	49	37	22	20	34	35	43	34	21	49	45	33	35	34	34	23	22	22	27	23	46	44	
24	33	48	49	26	34	39	22	46	33	37	44	48	46	32	0	21	50	25	27	35	27	24	46	47	28	49	31	30	33	23	37	48	29	39	37	45	26	42	29	44	34	36	39	34	37	40	28	28	27	20	23	39	45	42	23	25	43	33	27	26	29	48	43	41	20	43	37	36	33	47	21	23	32	40	28	23	43	38	31	27	41	42	42	37	41	29	27	43	46	48	27	22	36	29	41	30	27	31	40	
35	29	38	25	24	45	20	37	36	30	31	38	40	20	45	24	0	48	32	24	25	36	22	24	44	26	45	49	44	35	38	44	42	26	27	43	24	46	27	44	32	31	39	38	24	40	35	48	49	23	39	46	20	36	39	31	35	34	29	20	50	27	37	40	25	41	48	35	45	50	43	35	37	30	42	47	22	28	24	39	32	42	26	46	30	45	29	32	50	21	26	21	30	43	43	50	27	30	47	34	
41	43	41	41	27	28	31	41	25	29	20	31	38	37	21	43	40	0	24	31	20	35	40	21	20	27	21	20	27	50	40	30	22	46	21	31	41	33	24	48	49	26	34	33	24	31	29	25	40	30	43	45	43	33	32	20	33	48	28	37	37	45	43	41	42	34	44	21	38	49	23	33	50	32	25	20	36	24	39	47	41	36	46	43	42	24	22	30	27	46	46	46	25	27	50	20	50	45	48	25	
43	45	46	41	37	25	42	22	33	49	47	39	23	39	40	34	42	24	0	39	39	21	28	30	45	43	43	32	20	40	49	48	21	35	22	31	29	41	24	34	27	36	31	25	43	44	32	30	28	45	35	50	32	20	29	36	48	29	37	35	21	44	37	38	37	28	49	41	21	34	32	43	23	32	31	35	21	20	28	43	21	28	41	41	38	42	44	49	29	41	44	26	44	36	36	30	32	46	28	26	
23	38	30	45	50	50	49	27	38	41	43	37	41	48	31	25	49	47	48	0	24	30	47	43	46	20	38	46	21	38	24	50	31	31	29	40	29	30	35	45	32	39	33	25	20	45	24	38	21	34	24	30	49	20	50	43	35	49	50	41	46	41	44	28	43	39	26	22	37	49	33	28	50	46	25	36	25	22	41	40	25	38	23	50	36	40	45	37	39	32	44	33	28	29	29	20	33	44	46	42	
28	50	28	37	36	37	30	30	26	42	45	33	45	24	47	20	44	36	24	45	0	41	42	49	45	38	32	31	34	50	21	37	49	33	40	39	45	45	44	27	48	20	31	36	50	25	41	26	40	31	40	42	35	20	43	43	27	38	48	27	28	25	50	44	49	33	22	38	34	27	43	42	34	47	36	48	45	45	42	23	50	26	25	34	49	22	49	33	40	32	50	28	28	33	48	44	44	31	39	30	
22	29	20	35	20	44	28	26	44	32	32	33	44	40	40	41	32	42	48	46	21	0	38	34	31	46	38	24	38	42	28	30	46	20	32	35	49	36	24	21	22	38	47	31	31	20	22	26	42	23	41	37	35	21	30	49	46	47	50	50	20	30	32	48	24	44	40	28	33	41	24	39	24	32	47	29	36	21	25	24	48	24	49	35	42	40	42	44	43	21	43	46	36	21	46	37	42	43	42	40	
32	50	25	31	45	38	46	22	22	37	25	46	28	26	45	28	30	42	42	28	45	28	0	36	49	34	49	24	44	48	34	37	24	21	40	38	25	40	36	21	48	44	30	46	50	22	26	40	45	34	39	27	45	34	36	25	42	30	49	40	24	35	44	37	21	37	22	46	36	30	20	46	44	22	23	33	39	31	38	34	30	46	32	36	31	46	47	40	23	24	30	49	20	25	43	24	20	30	48	39	
26	21	33	40	21	42	29	45	32	49	21	39	44	45	42	25	31	49	46	49	22	33	21	0	34	31	39	48	39	44	28	41	29	38	47	45	34	33	25	20	34	45	28	26	50	32	22	31	23	23	20	31	20	25	32	39	42	40	48	20	30	34	45	37	43	47	42	35	35	22	47	21	37	47	32	45	45	47	49	28	20	40	36	23	46	46	22	30	31	50	23	35	50	21	24	49	36	40	45	29	
50	21	20	32	30	25	50	37	42	24	25	25	44	49	25	40	41	27	50	48	49	39	30	50	0	20	35	50	48	40	41	32	21	27	27	40	29	30	25	50	27	31	27	25	48	33	34	31	48	38	24	32	38	44	20	25	49	38	20	41	32	42	45	25	24	20	20	46	30	36	20	21	21	44	49	23	38	39	24	44	24	41	45	32	45	20	33	33	38	49	41	30	42	27	49	24	31	36	26	37	
32	22	24	33	38	41	31	50	23	33	48	33	27	35	32	27	49	32	27	40	35	32	49	38	22	0	46	28	28	48	36	31	37	20	39	39	44	35	48	27	28	21	39	30	47	45	32	50	40	23	37	48	47	21	24	42	32	20	44	33	43	47	32	33	49	23	42	34	39	34	25	25	30	35	33	25	38	49	47	29	44	36	23	49	31	31	24	40	31	44	35	40	36	44	21	26	48	50	28	25	
43	38	30	29	32	40	21	29	37	33	21	41	33	28	32	43	26	31	24	24	23	39	31	25	20	33	0	38	32	34	22	40	42	42	41	22	44	33	37	43	37	24	25	24	26	25	27	20	36	24	46	35	31	48	48	39	43	29	42	45	30	41	23	45	50	49	47	46	33	44	47	28	48	25	30	40	36	50	30	37	42	24	49	32	43	43	37	29	27	48	49	32	31	32	50	35	36	29	50	33	
33	46	23	41	24	24	20	38	39	40	42	49	48	36	23	42	44	40	42	26	39	40	39	36	23	28	42	0	43	39	25	32	22	45	21	20	23	48	31	46	43	35	30	23	41	34	31	38	42	28	41	35	45	44	27	49	25	37	37	46	48	22	44	47	36	49	48	25	20	46	40	47	25	48	36	33	39	41	26	34	42	41	32	28	20	38	24	49	32	25	48	34	38	21	49	32	49	45	22	40	
38	32	30	27	36	47	34	21	35	39	23	28	46	36	35	37	40	32	35	28	25	27	37	31	25	29	47	39	0	46	49	24	34	22	50	22	35	32	38	50	33	37	22	28	35	27	46	23	29	24	31	45	23	24	41	47	21	46	41	24	38	37	26	20	21	47	32	37	42	44	39	35	42	42	23	49	35	37	31	47	44	30	47	23	41	20	27	27	35	46	29	28	27	20	35	31	50	50	36	49	
30	22	22	29	38	33	27	43	31	50	32	47	44	24	27	29	49	26	43	44	35	41	48	45	31	29	32	39	24	0	46	44	23	32	31	36	47	35	27	40	42	31	40	49	31	33	28	31	32	44	44	42	29	47	23	35	48	29	23	34	24	31	49	27	43	25	49	50	30	35	27	23	41	32	32	34	36	34	49	38	46	39	27	41	32	36	29	35	27	30	36	41	20	22	35	30	32	48	50	27	
46	50	33	21	38	44	21	33	22	28	26	43	30	25	23	25	45	42	31	20	27	50	21	20	32	37	20	24	23	46	0	39	39	49	49	26	22	43	34	26	47	20	36	48	39	47	33	22	37	25	49	27	27	49	33	32	35	45	20	33	26	32	44	21	39	50	28	20	38	31	42	31	46	30	41	34	40	24	39	36	22	28	50	23	42	23	28	20	42	24	39	44	41	24	32	26	38	41	30	26	
33	36	36	23	37	23	42	49	35	23	36	48	34	35	25	34	37	30	24	33	28	32	22	38	36	30	46	46	47	27	34	0	27	31	35	44	49	33	20	34	43	48	20	37	32	50	44	44	34	27	33	27	28	35	35	24	27	34	29	31	40	35	39	49	49	24	46	36	41	22	26	29	49	36	40	41	23	50	21	24	30	21	30	47	39	45	25	44	48	34	32	41	26	33	35	26	25	32	21	45	
50	45	44	50	30	48	44	41	46	36	26	43	30	25	36	49	37	42	47	39	38	33	24	40	42	39	35	48	41	38	49	26	0	39	34	21	27	35	48	39	46	30	37	43	26	20	21	21	24	27	34	47	41	39	27	41	41	23	47	50	44	36	33	49	40	40	29	48	41	30	35	41	26	25	31	37	46	31	42	34	32	34	41	30	47	34	22	24	27	44	23	44	24	50	49	32	50	34	42	37	
26	48	31	42	21	20	32	26	22	47	33	38	38	47	45	33	37	26	40	20	50	41	24	36	40	49	35	29	32	37	37	22	22	0	39	43	35	44	20	26	33	39	44	31	29	22	43	20	44	45	27	39	50	47	20	38	47	50	36	31	24	34	28	23	38	34	28	48	46	27	32	32	43	36	49	30	27	46	38	28	49	22	21	24	30	40	38	38	35	22	50	36	35	33	30	32	43	47	20	23	
33	39	41	49	50	24	44	24	48	20	23	42	33	27	21	40	28	28	32	23	31	29	31	39	45	40	26	43	46	37	37	21	30	36	0	37	20	25	49	35	46	20	40	47	28	30	24	31	23	39	37	33	50	45	44	22	28	38	23	36	22	47	38	24	35	21	36	46	45	27	31	23	37	46	42	26	25	42	41	50	27	32	26	39	42	43	34	31	25	28	43	48	31	37	47	26	26	34	46	30	
24	28	37	41	44	44	20	22	41	46	30	29	47	42	45	50	30	21	22	39	20	29	45	23	25	42	28	26	36	37	31	47	34	22	33	0	36	37	46	33	23	22	38	34	30	25	29	27	40	33	41	42	29	21	20	46	20	40	47	28	22	47	41	30	30	37	40	29	21	45	42	27	47	48	42	36	24	28	39	21	45	32	33	28	38	27	28	50	30	49	45	37	35	48	34	42	23	33	31	25	
36	21	27	42	45	35	32	20	27	22	29	23	46	25	48	24	50	34	20	48	44	31	36	33	23	36	27	35	29	28	32	33	35	42	49	49	0	21	25	42	48	47	36	31	26	27	24	27	45	29	45	24	25	37	28	37	20	25	27	47	46	43	33	49	48	42	50	25	27	44	37	24	48	46	38	41	25	43	27	36	44	29	45	47	47	45	42	43	20	43	34	45	48	47	26	21	33	25	32	36	
32	26	32	37	36	35	23	24	47	22	37	20	48	46	48	22	20	50	43	27	43	32	34	41	28	33	31	41	32	28	43	22	48	44	25	38	27	0	43	26	47	21	44	47	21	36	45	22	42	34	27	34	42	44	48	44	41	24	39	40	48	36	29	20	39	24	31	41	31	31	46	50	29	36	40	42	28	24	20	35	45	43	49	46	47	26	39	32	30	35	29	34	24	35	46	29	50	45	42	49	
30	31	47	40	39	32	32	38	32	42	48	36	29	41	46	44	38	46	27	26	33	26	28	36	25	36	24	45	39	36	44	48	37	44	49	36	46	46	0	40	35	49	30	28	33	29	34	49	40	36	21	45	43	26	50	28	34	42	22	20	26	39	23	47	28	45	50	20	46	47	26	50	48	25	39	25	49	50	41	31	39	45	28	20	41	41	20	20	39	49	49	25	46	47	29	50	46	27	32	46	
35	43	31	47	31	22	38	33	45	23	42	20	44	25	20	39	37	28	31	43	26	47	49	32	26	30	25	45	25	35	41	24	39	38	36	33	38	40	50	0	49	47	27	48	20	21	33	48	39	21	40	40	40	49	24	36	22	33	29	30	40	49	40	49	46	39	26	42	21	30	24	30	41	43	28	35	35	39	49	30	28	48	40	22	34	45	44	25	48	23	36	28	37	42	32	39	34	33	41	25	
39	49	33	44	24	41	41	46	50	44	45	23	38	44	23	46	25	43	50	35	29	41	43	23	41	44	33	28	28	45	23	40	31	36	46	37	45	22	20	21	0	39	20	44	50	24	48	23	33	32	45	35	48	20	30	40	46	24	22	42	32	40	38	43	27	21	26	33	49	49	48	20	21	39	45	32	24	37	43	42	29	33	32	48	50	46	37	21	43	46	34	48	37	24	37	50	48	24	40	26	
38	50	25	46	22	38	35	29	28	28	26	32	41	20	47	40	47	21	36	44	44	22	48	20	40	29	24	44	24	46	44	36	24	50	23	50	30	20	43	46	30	0	46	24	30	38	44	22	22	31	26	28	34	30	41	35	35	37	36	22	22	30	34	32	44	32	37	35	37	33	36	22	49	27	24	40	32	46	47	36	30	24	48	22	24	24	21	32	40	38	23	41	22	36	28	38	29	31	50	41	
47	43	35	32	38	46	30	43	41	48	39	34	36	31	27	44	36	21	43	32	45	31	30	45	36	20	27	38	22	35	23	31	33	44	39	27	37	20	36	36	23	21	0	38	31	21	50	31	25	30	28	35	35	44	49	48	50	33	20	45	40	44	27	40	40	35	43	43	48	31	41	45	47	46	45	43	25	49	21	44	43	35	36	41	49	25	46	32	42	29	41	48	38	35	26	49	20	42	34	39	
39	46	41	25	39	34	30	38	30	33	38	44	47	47	40	24	36	33	32	27	31	32	29	27	26	28	50	27	37	38	47	49	48	31	50	34	27	39	30	39	40	24	30	0	27	24	47	44	28	37	25	37	42	42	39	23	48	49	34	35	26	42	25	39	31	39	27	42	45	22	37	35	48	26	29	32	28	36	26	31	47	33	30	43	20	21	26	50	26	39	46	25	47	37	34	22	28	36	29	42	
35	33	46	30	47	41	43	49	42	47	42	32	21	47	49	23	48	21	30	25	44	28	39	43	37	34	29	37	48	33	47	49	35	31	27	50	41	22	43	22	45	40	22	36	0	20	47	41	38	36	30	50	43	46	39	23	48	38	27	20	21	45	23	46	49	43	29	22	46	38	47	32	42	24	44	48	38	50	49	49	39	36	50	47	48	26	28	29	25	49	25	38	50	27	24	24	48	27	28	35	
45	29	24	43	39	28	26	22	24	48	46	41	33	50	25	26	47	38	20	31	37	41	35	41	24	44	46	43	28	22	48	43	42	39	47	42	47	28	45	39	43	27	20	48	24	0	46	26	43	38	41	20	33	24	24	35	37	21	36	30	50	27	41	25	34	30	41	48	34	27	50	40	40	43	28	41	42	26	23	31	35	28	31	37	38	29	26	29	37	32	22	25	32	23	50	38	49	40	23	36	
47	24	42	47	49	49	34	24	33	28	48	43	37	26	44	45	25	43	22	28	34	30	32	36	21	31	46	47	32	43	43	32	37	24	44	42	42	37	38	24	40	21	29	39	34	36	0	44	38	33	26	34	26	32	22	23	37	32	23	36	41	34	43	40	25	21	26	27	27	23	39	32	33	22	48	46	37	26	36	26	26	35	22	26	49	47	23	36	24	39	26	37	38	36	40	39	33	39	32	47	
40	49	28	41	45	35	40	40	39	45	20	31	31	44	45	26	42	40	21	26	34	26	36	41	26	46	20	24	27	34	35	22	39	28	46	40	29	32	30	43	43	49	41	48	42	29	48	0	41	22	39	23	46	35	31	39	39	40	22	27	47	24	33	49	48	27	47	20	35	29	24	36	47	40	31	43	41	24	23	36	30	30	41	43	22	31	48	45	46	26	26	29	36	42	33	40	43	43	32	32	
21	24	34	22	29	40	41	24	36	26	46	39	35	31	24	38	24	48	38	33	28	43	26	23	50	25	24	34	49	47	37	33	49	25	46	21	29	44	35	38	22	41	31	40	49	23	23	35	0	27	36	21	20	47	42	41	45	38	22	34	46	28	43	38	28	42	37	45	32	25	27	40	23	41	46	38	50	43	44	36	25	50	35	40	49	40	27	20	27	24	42	39	41	44	47	24	47	40	24	47	
44	45	46	38	39	25	22	23	28	23	28	39	34	38	44	28	38	33	21	42	22	24	46	34	21	31	30	28	40	33	32	48	20	29	40	27	26	44	22	38	43	24	27	47	36	26	34	30	47	0	20	44	28	33	38	36	37	24	42	30	42	38	40	37	32	49	26	29	23	34	40	40	28	27	45	40	28	48	44	29	22	31	24	34	20	32	50	40	34	21	40	44	44	29	36	39	44	33	34	39	
46	38	43	36	26	25	46	20	28	23	46	32	42	28	26	35	48	35	28	36	32	24	39	35	28	50	47	25	42	20	26	30	28	42	42	47	46	23	41	20	33	29	30	39	43	49	26	30	33	44	0	49	24	50	40	23	27	31	44	43	49	35	34	25	41	46	31	33	47	33	33	31	38	23	22	37	45	34	24	23	20	50	45	36	47	42	32	40	35	27	32	40	43	23	33	21	41	46	29	39	
25	29	28	36	23	37	41	41	30	20	24	20	22	30	44	30	34	47	26	27	31	48	41	38	34	28	37	25	50	34	32	20	23	20	23	30	43	26	29	37	23	36	44	29	48	22	23	37	39	29	43	0	21	27	49	46	23	41	25	34	25	25	34	28	48	46	42	25	34	42	46	38	20	37	32	20	50	23	23	29	22	40	44	32	26	28	43	32	27	34	40	39	36	37	46	31	25	33	40	45	
20	38	33	50	39	27	29	31	36	30	35	40	47	44	43	34	48	43	42	48	28	31	28	44	25	25	48	27	48	34	30	40	20	31	35	39	45	50	42	29	41	27	20	23	34	43	36	46	48	25	26	46	0	32	50	42	39	30	37	24	21	35	33	48	34	45	50	48	34	31	20	26	38	26	22	35	24	41	22	43	36	42	41	50	37	32	39	28	26	22	33	20	37	35	42	43	30	43	49	20	
26	39	29	46	44	47	48	44	45	33	34	42	36	42	29	22	21	22	31	32	40	33	32	45	40	42	44	40	44	27	29	35	32	37	20	40	33	40	29	41	35	24	32	41	46	33	49	50	32	42	49	48	44	0	46	38	43	39	29	35	37	31	29	33	46	49	38	40	44	25	31	21	33	34	50	34	29	22	41	27	30	27	32	20	39	30	24	25	46	48	35	48	22	44	23	25	50	39	21	27	
40	25	20	40	36	49	49	41	33	41	33	25	29	32	34	29	50	37	21	25	35	25	48	48	23	41	23	35	46	43	29	43	45	29	29	32	21	38	46	28	30	44	34	22	21	44	40	42	46	29	27	49	49	34	0	40	29	37	49	26	32	48	22	33	21	21	45	49	22	31	20	29	29	21	20	21	39	21	24	47	39	47	25	35	40	22	38	24	20	50	43	37	24	45	23	22	42	22	39	44	
41	23	26	46	23	49	35	33	22	23	35	42	47	34	36	43	48	25	37	23	24	47	31	43	47	33	36	24	22	40	36	50	21	43	48	37	27	23	43	45	32	48	31	36	49	30	37	42	38	37	32	49	29	27	38	0	42	22	24	39	32	47	44	50	31	43	29	50	31	36	31	20	20	20	24	28	43	41	42	26	40	48	24	25	23	46	35	43	35	41	24	28	50	28	46	24	47	21	25	49	
41	31	46	43	30	26	40	23	36	45	35	24	40	28	30	26	40	23	39	41	42	27	31	45	32	44	23	50	28	44	49	32	37	31	21	40	30	27	32	21	50	44	33	37	28	44	45	25	49	28	21	43	28	43	22	30	0	40	33	20	44	41	28	27	40	49	46	47	44	42	25	28	31	49	50	46	36	40	23	25	35	26	47	38	39	38	22	33	29	46	42	41	21	28	20	20	45	39	25	30	
25	48	32	27	38	37	46	26	49	50	21	40	37	44	47	48	26	34	48	37	41	34	38	39	50	30	50	46	31	31	23	44	45	20	33	31	25	35	47	48	27	43	41	43	47	40	45	48	43	43	48	40	48	49	32	44	39	0	20	41	47	49	26	39	43	35	33	44	32	25	24	41	33	32	34	46	50	43	43	40	43	26	28	22	42	49	25	49	38	20	29	49	43	25	23	24	28	25	32	28	
36	48	40	33	30	37	43	33	35	34	23	28	39	30	28	28	43	29	32	39	36	20	35	49	40	36	50	36	26	33	28	43	40	44	33	43	21	50	20	33	37	22	50	45	28	42	45	20	20	35	41	45	32	50	37	31	37	35	0	36	34	37	43	43	42	48	35	38	25	45	38	44	20	39	31	26	29	33	22	27	23	25	45	39	34	40	24	49	35	30	47	34	47	42	24	35	45	50	47	28	
35	30	42	36	43	45	27	44	21	31	49	36	28	32	46	37	40	48	39	23	29	48	24	36	24	24	22	49	30	26	21	20	35	35	22	38	36	21	24	40	34	38	24	38	28	22	29	31	49	24	48	34	49	31	21	30	23	48	23	0	39	41	23	29	41	29	38	31	25	44	20	41	44	35	32	32	40	26	22	33	47	28	50	35	33	41	35	48	32	24	33	45	26	44	33	40	44	26	28	22	
45	24	34	30	31	29	45	45	34	30	27	25	34	24	42	30	45	27	35	24	23	37	38	39	34	43	30	25	22	41	30	25	28	49	31	41	42	23	23	32	30	44	30	29	30	47	44	47	20	26	41	40	29	40	25	25	47	37	25	35	0	50	27	22	42	36	48	28	48	42	23	21	32	43	22	32	34	35	41	24	42	24	21	49	23	24	40	23	46	32	39	48	23	29	22	38	38	23	26	47	
43	48	29	47	46	32	48	25	36	34	42	28	44	30	40	25	40	45	32	28	48	48	25	49	25	46	43	22	26	40	36	46	48	44	31	41	43	34	47	48	41	46	22	30	36	33	45	45	29	34	45	21	24	31	25	35	27	49	27	22	24	0	49	44	34	33	23	31	44	27	23	30	24	26	27	39	37	30	41	35	47	30	38	40	47	35	48	36	41	48	28	44	29	20	39	41	39	49	25	28	
26	36	37	42	46	23	29	34	25	23	21	34	36	36	37	39	38	37	43	41	32	47	33	30	39	45	30	27	30	35	24	36	43	43	47	20	43	35	45	24	20	22	37	47	20	47	24	44	47	23	21	30	49	29	41	26	44	22	41	21	44	27	0	43	25	48	45	31	50	32	40	50	36	39	41	31	48	33	26	32	43	21	39	43	27	38	20	48	34	43	20	33	24	44	26	22	38	40	24	49	
49	48	45	30	44	28	48	29	44	48	34	30	36	33	35	30	45	28	36	47	29	34	45	37	30	32	41	30	49	32	48	44	28	49	42	20	26	46	49	42	34	44	29	32	33	43	43	46	47	49	46	41	24	49	50	25	35	26	50	25	39	50	49	0	26	22	47	49	28	36	46	36	25	38	47	25	41	35	23	35	49	27	33	50	25	23	46	50	21	36	21	42	43	22	45	43	43	23	48	50	
38	24	24	38	26	40	31	31	23	23	32	35	24	30	38	48	36	26	39	27	44	39	38	34	39	29	23	24	33	46	23	43	48	26	50	42	24	25	49	42	28	28	45	41	30	25	34	42	30	37	23	44	22	32	20	21	26	30	33	48	27	45	30	49	0	33	38	23	30	22	35	39	35	29	27	32	47	42	21	31	30	25	22	37	28	50	34	20	45	45	39	40	25	47	24	43	37	38	30	41	
43	34	47	47	42	22	45	32	46	28	34	29	20	32	47	20	45	48	34	45	23	24	45	46	29	30	29	39	24	35	45	34	20	39	30	49	24	33	45	20	29	47	25	50	38	45	45	25	22	33	47	44	36	47	34	47	46	49	37	40	44	24	49	33	46	0	50	30	24	42	49	37	31	38	25	46	22	22	27	23	26	35	48	42	47	40	50	26	20	45	47	32	30	28	31	38	28	34	49	36	
43	50	21	29	47	34	33	49	47	27	48	44	43	43	35	20	36	46	39	43	32	42	45	47	45	30	26	50	38	31	29	45	25	25	43	42	28	26	45	50	23	31	43	32	24	29	45	28	42	39	46	25	47	32	20	41	50	49	46	22	46	25	49	32	33	22	0	22	41	38	27	37	22	26	30	43	34	37	42	39	45	23	44	25	45	48	25	44	39	38	39	21	47	50	34	44	28	26	37	21	
35	22	20	40	21	39	26	25	35	44	41	26	36	29	38	43	38	22	24	31	47	37	45	45	20	48	39	30	40	29	48	37	45	27	38	29	20	38	33	31	22	30	50	28	46	44	31	46	23	29	38	24	31	21	43	20	46	40	39	49	46	32	20	33	27	46	33	0	38	34	29	46	20	25	42	38	34	37	22	40	44	20	41	21	45	22	24	32	32	39	25	43	27	40	37	23	20	47	21	32	
32	46	29	25	46	32	20	41	30	40	33	36	26	49	36	45	31	39	27	41	21	33	35	36	40	21	46	46	26	30	34	43	25	38	26	26	21	26	23	29	44	30	30	43	29	45	24	25	38	43	33	28	21	50	32	45	45	23	44	38	45	47	49	35	25	45	32	45	0	27	33	44	32	24	37	40	34	48	39	42	46	31	49	21	40	39	36	27	26	36	32	35	27	38	43	22	37	23	24	48	
25	29	20	30	23	24	39	50	40	36	39	45	25	37	33	28	20	44	45	31	24	21	36	26	42	34	41	39	28	44	33	47	49	44	21	44	27	38	28	26	30	41	23	42	46	28	35	31	46	29	21	28	42	23	31	29	26	49	30	27	27	46	26	26	41	32	23	37	28	0	41	25	50	31	48	32	20	48	37	41	21	37	33	41	23	28	45	42	26	36	29	43	22	48	50	23	36	33	41	37	
31	25	24	45	23	29	43	47	45	43	44	29	25	35	48	29	27	50	49	47	49	37	38	42	27	22	35	45	26	31	33	28	49	30	49	48	23	45	24	34	46	40	31	36	24	22	49	44	34	32	44	35	30	46	39	29	35	24	29	21	33	42	45	22	34	38	25	22	44	23	0	47	32	27	29	40	23	33	50	40	50	38	50	29	37	49	20	38	21	32	43	33	36	31	27	48	44	27	25	40	
40	23	50	23	37	39	24	29	31	35	36	27	33	44	24	49	39	39	48	25	30	25	44	41	47	20	30	24	23	36	30	39	48	27	23	43	43	48	37	49	23	43	41	35	36	39	42	49	49	35	29	30	48	39	22	26	21	40	49	32	28	36	42	30	27	38	48	30	28	43	45	0	43	42	48	22	45	46	34	45	24	21	41	23	34	49	42	28	44	30	28	34	20	30	43	30	40	27	46	31	
43	31	31	49	50	42	32	26	20	32	50	40	38	37	29	32	45	39	20	37	47	48	23	30	20	33	24	22	46	24	21	41	49	37	29	50	26	44	40	31	27	38	22	44	27	41	33	30	40	40	42	40	29	20	22	34	28	40	50	32	26	25	43	49	34	20	25	47	20	25	38	41	0	49	21	22	31	44	21	41	27	47	27	35	28	29	38	45	31	43	40	37	30	40	44	42	35	49	39	36	
46	46	44	21	27	24	43	26	50	27	23	24	23	21	39	37	22	38	46	43	45	39	33	34	40	34	32	20	43	39	44	40	36	40	48	50	30	42	36	26	24	39	29	37	29	41	32	39	36	44	21	34	38	38	27	49	32	28	37	41	29	43	23	46	30	38	42	28	50	42	36	28	34	0	34	23	49	38	46	29	30	42	22	42	33	47	30	43	20	45	23	46	50	42	30	46	38	23	37	26	
38	41	41	20	49	49	20	20	29	43	34	23	36	41	49	20	35	43	27	28	47	49	36	29	45	49	28	26	50	43	32	39	34	49	35	29	30	20	44	47	38	44	39	50	39	44	29	23	30	42	22	24	32	34	28	46	31	28	39	49	41	50	43	44	27	42	25	37	50	34	34	28	35	23	0	22	49	41	25	37	21	44	28	31	50	47	30	31	21	32	41	30	25	29	48	35	21	37	36	29	
30	49	28	44	39	40	30	22	46	31	46	20	45	34	46	39	25	31	48	39	29	42	28	35	20	34	25	27	31	50	27	23	47	40	21	32	34	45	32	40	47	39	46	21	30	20	41	20	34	50	28	26	42	25	34	23	42	44	43	32	37	21	28	23	24	21	20	28	33	36	41	44	46	38	29	0	45	22	30	35	38	30	28	30	27	21	43	36	27	34	36	42	20	41	46	32	30	21	36	48	
26	42	43	23	37	27	20	46	43	37	30	24	45	42	27	38	35	37	35	33	25	34	28	25	21	31	50	41	29	47	47	43	30	40	28	27	32	20	21	47	48	44	41	50	23	24	39	30	48	38	25	20	21	45	37	49	25	50	38	24	22	24	24	37	25	33	32	20	31	29	31	44	38	44	20	27	0	38	49	20	31	44	44	31	30	22	38	41	41	31	31	22	33	26	31	50	50	38	28	45	
24	26	46	36	25	39	24	50	46	36	45	49	23	30	38	38	37	40	39	23	39	25	31	28	34	28	34	25	32	33	31	23	30	24	28	47	45	25	30	34	44	22	31	45	31	28	47	41	31	46	24	33	50	26	26	25	38	34	39	33	41	45	38	42	27	44	20	31	24	20	34	33	49	38	45	23	46	0	21	32	29	39	42	26	33	20	47	42	39	27	32	39	50	35	46	50	35	39	33	32	
49	32	21	29	25	25	47	46	30	23	36	39	34	25	38	47	32	27	42	24	28	20	50	48	34	45	44	30	35	47	31	36	44	27	29	38	46	20	35	42	24	28	26	31	20	47	29	39	33	50	43	27	49	20	27	47	45	39	32	24	47	28	43	50	40	38	45	37	26	44	24	48	32	38	46	41	47	50	0	50	43	35	31	48	47	46	41	35	39	42	45	24	20	43	39	32	41	46	33	31	
29	45	24	29	50	35	28	32	42	39	27	45	46	34	45	49	50	26	42	25	35	44	50	34	21	43	49	46	43	33	26	36	29	42	47	33	23	29	28	25	24	44	26	29	24	25	31	26	47	38	38	45	25	21	23	24	49	28	38	29	29	25	21	28	38	50	46	31	23	33	28	30	42	39	37	36	40	28	47	0	23	50	37	50	37	45	21	20	30	43	33	39	35	45	30	48	41	38	45	27	
23	33	33	50	41	22	38	47	28	47	44	37	31	48	43	45	24	21	20	24	32	46	31	45	20	31	45	30	36	38	49	46	46	45	38	32	37	50	49	42	23	23	39	37	26	26	30	40	37	32	24	21	48	48	22	49	21	40	31	26	48	33	38	42	40	23	33	26	30	22	23	49	43	44	45	24	28	27	49	41	0	43	25	26	49	47	32	33	26	47	26	20	50	36	28	33	42	45	26	50	
36	23	45	44	39	31	47	48	40	47	30	28	36	27	35	38	26	38	21	38	48	41	23	28	33	40	23	45	21	23	30	30	23	39	29	50	23	27	47	45	29	45	38	22	23	32	35	24	49	30	27	24	27	24	21	42	38	21	34	35	37	37	27	33	47	27	26	39	46	23	30	25	42	29	23	34	34	26	50	40	35	0	28	45	35	26	45	34	41	25	39	26	46	38	32	31	33	28	32	25	
24	43	39	37	35	23	45	27	39	48	31	41	47	38	28	20	29	34	47	48	26	32	27	29	38	30	20	31	46	21	33	49	43	44	20	38	45	40	37	45	20	43	21	21	33	50	39	29	34	30	40	20	48	37	32	23	33	28	45	43	21	45	30	21	21	31	40	45	41	44	41	23	39	42	43	47	20	48	40	36	40	23	0	46	38	44	37	21	26	38	38	33	46	28	23	23	25	23	47	24	
37	27	27	35	49	39	49	28	32	26	21	36	36	35	47	22	47	27	24	32	42	49	41	34	22	27	27	47	44	23	24	33	47	41	35	33	28	39	45	26	37	21	37	42	41	32	24	42	35	43	38	45	24	21	48	29	32	38	35	41	34	39	43	45	33	30	44	40	47	37	27	46	22	29	47	37	36	27	30	49	46	50	43	0	29	27	47	36	33	28	29	45	32	30	43	30	46	46	26	46	
23	29	29	26	23	27	33	50	37	25	30	26	33	45	34	47	47	27	28	36	50	31	32	47	22	38	50	35	34	41	23	25	40	23	45	36	45	28	28	20	32	32	26	20	39	25	45	21	33	33	30	48	33	45	43	32	21	28	49	35	41	50	38	38	20	49	22	21	24	50	39	37	27	25	48	47	43	30	33	24	36	29	49	44	0	49	35	27	40	22	28	24	39	26	27	24	20	48	42	20	
34	28	29	43	36	20	32	34	45	39	44	40	25	21	25	40	47	20	36	32	31	22	47	30	20	50	41	48	34	43	36	27	28	32	21	33	47	34	50	35	25	46	26	40	23	47	37	36	23	36	26	40	44	42	47	43	47	37	49	32	30	28	27	43	39	21	30	50	41	28	48	22	48	42	50	45	39	38	46	45	25	23	34	44	20	0	35	31	28	33	48	25	21	42	36	25	47	25	33	43	
42	49	42	49	44	47	43	26	29	39	50	37	38	21	21	27	20	38	44	47	41	44	31	45	28	34	45	50	43	39	29	28	36	30	31	24	22	40	34	37	23	46	43	23	24	25	30	33	26	37	28	43	31	40	31	28	36	47	43	20	36	45	48	49	22	50	41	33	41	49	23	38	46	42	33	34	45	22	43	23	43	34	46	40	24	32	0	43	25	33	47	37	50	21	31	33	28	29	24	22	
40	38	34	37	49	30	49	45	39	26	37	41	45	41	41	49	21	46	27	34	43	43	40	36	33	24	37	37	21	43	26	49	29	37	26	28	21	36	31	42	43	29	32	24	21	26	39	29	46	26	34	29	20	21	33	33	37	42	50	20	42	25	41	23	31	33	27	47	44	28	44	32	36	31	38	24	43	22	30	26	41	21	32	47	44	32	28	0	30	26	36	42	44	27	38	38	38	21	45	35	
45	27	26	28	25	47	25	34	27	21	22	27	32	32	33	40	44	20	24	39	29	42	45	48	29	40	21	38	26	29	35	32	23	39	41	45	42	31	22	41	34	31	27	39	38	21	45	23	31	41	34	47	26	29	29	43	23	44	20	22	47	41	39	33	47	26	35	26	35	46	37	41	43	32	36	35	50	25	24	20	36	34	22	47	33	40	48	42	0	30	50	43	25	22	38	44	50	39	30	34	
39	26	42	35	41	45	33	21	25	28	29	37	29	47	41	33	49	44	38	20	40	35	22	35	29	43	34	41	37	31	49	35	39	22	40	29	26	44	49	33	34	31	34	40	24	44	42	35	48	31	22	28	40	38	26	38	24	41	36	29	40	22	25	43	20	47	37	38	43	44	41	42	48	37	50	34	45	37	35	28	25	20	46	40	48	48	33	31	29	0	33	21	42	49	21	21	27	33	44	50	
40	22	21	50	32	35	39	26	23	28	50	20	25	35	39	21	22	20	28	50	24	34	44	25	48	46	26	27	40	27	49	37	41	20	21	45	34	35	30	24	40	22	21	47	41	39	21	48	21	40	27	50	47	32	44	44	28	45	20	35	28	45	49	23	37	24	22	31	43	30	40	36	47	40	26	47	37	41	39	48	45	39	45	26	37	36	50	29	36	27	0	25	25	31	22	23	29	33	48	33	
36	28	36	24	23	31	50	32	23	46	50	49	25	46	21	33	50	37	20	38	28	49	41	43	38	43	50	30	27	44	20	21	49	21	20	27	45	46	30	23	40	43	46	50	40	42	22	29	28	34	21	44	23	33	27	28	28	48	44	38	39	43	41	43	23	48	24	37	23	31	31	49	45	28	49	31	21	22	33	29	50	45	31	28	47	48	20	24	35	30	27	0	26	22	33	31	37	41	22	25	
25	40	39	27	46	37	22	29	50	42	36	44	44	32	21	40	31	26	34	38	38	26	50	34	36	23	49	34	50	50	48	26	31	47	39	30	30	42	50	42	46	39	39	48	47	45	20	46	48	33	44	48	40	43	23	30	32	33	31	27	24	47	48	31	49	32	50	32	42	37	48	29	42	46	42	41	26	45	26	22	45	32	46	26	25	26	21	30	45	47	50	32	0	40	22	48	47	23	45	39	
37	39	21	31	24	25	31	34	33	30	29	49	44	29	50	30	33	43	25	34	41	24	41	34	24	33	37	40	31	30	23	20	49	48	42	24	42	31	30	41	26	23	42	49	29	31	39	21	23	42	34	47	40	37	47	40	39	27	20	34	35	22	27	22	26	26	49	40	50	45	49	39	26	31	31	20	29	42	28	47	41	20	30	39	21	31	25	33	22	43	41	33	49	0	37	48	42	24	41	34	
35	37	41	40	30	20	31	20	22	34	35	42	20	50	27	36	21	41	23	49	32	23	33	24	47	35	38	38	49	29	38	32	20	47	47	37	21	38	26	49	25	39	25	34	25	34	26	20	36	44	21	49	36	35	48	35	32	28	46	40	44	49	46	34	30	39	39	37	40	40	23	44	25	38	41	40	43	40	21	34	35	48	35	28	33	27	44	45	21	21	43	49	50	43	0	30	32	35	27	39	
38	20	37	40	50	26	38	44	30	48	26	42	24	45	29	37	37	42	25	33	47	49	39	49	23	42	28	32	26	22	39	49	31	46	32	24	44	45	41	50	47	33	45	37	35	48	23	28	33	31	45	47	31	48	46	44	32	31	46	44	33	41	28	20	26	49	34	31	26	22	30	20	32	47	49	33	26	38	33	27	49	40	40	48	43	42	40	41	33	30	23	20	26	40	29	0	22	26	29	49	
22	26	25	27	38	42	44	33	40	30	29	48	46	25	27	40	36	35	20	44	24	35	40	39	22	20	29	46	34	43	28	26	36	50	37	24	40	47	46	41	30	29	24	25	44	30	32	50	42	29	31	34	35	47	33	25	39	34	26	28	44	33	40	50	46	33	35	21	30	48	45	47	35	30	40	21	30	35	31	40	40	34	48	22	22	46	43	47	37	29	40	48	29	39	33	47	0	30	48	40	
40	34	23	31	41	34	40	33	37	21	32	37	31	40	20	31	44	48	20	50	38	35	50	36	39	33	27	41	42	21	29	36	45	37	26	39	37	48	26	41	23	36	32	23	37	21	28	30	30	21	34	41	43	44	24	36	38	20	39	40	45	39	39	33	28	35	28	39	43	37	49	41	27	29	25	27	49	26	50	35	43	27	27	44	28	46	31	26	49	38	42	30	24	22	45	32	26	0	44	26	
46	39	39	26	46	32	47	25	35	42	29	39	22	49	43	23	44	42	29	26	20	21	31	22	50	34	29	29	35	32	28	27	41	37	31	36	49	39	23	48	40	30	32	31	23	37	44	48	24	39	35	39	47	38	48	32	36	31	45	28	37	24	41	24	45	50	22	24	22	28	21	42	48	40	27	40	36	49	31	43	32	37	31	50	47	43	23	42	43	45	36	42	38	43	35	20	44	26	0	37	
45	33	20	33	41	33	38	37	37	27	23	22	47	30	33	37	29	40	26	35	34	25	40	40	48	41	38	38	29	36	37	35	45	31	23	46	48	43	20	30	44	31	34	24	37	28	21	22	50	34	25	45	46	35	40	48	29	40	36	24	25	38	22	41	27	49	36	41	42	25	34	21	23	45	36	31	44	30	33	31	27	49	23	46	33	45	43	35	43	39	38	36	48	22	50	38	39	42	38	0	
